-0.823010 -0.375858 0.100589
0.348061 -0.806179 0.577926
-1.086927 -1.790951 0.968879
0.149734 1.068163 0.487548
1.203730 -1.043225 0.467799
-1.291583 1.021890 0.515418
-1.065743 -1.465639 0.832186
0.642290 -0.548832 0.775387
0.938297 0.485898 0.859602
-0.795983 1.307452 0.720373
-1.857134 0.902755 0.483070
-1.482960 0.359671 0.193502
-1.998678 1.594148 0.500834
0.414289 -1.887754 0.201799
-0.703270 -0.128626 0.062423
0.566003 0.473720 0.785626
1.495516 -1.085936 0.452085
1.667541 -1.591411 0.300223
-0.876888 -0.182725 0.029394
1.476752 -1.673158 0.180988
0.774050 -1.814831 0.050856
1.348732 1.708307 0.117187
-1.280471 -0.008978 0.047789
-0.840525 1.657826 0.916094
-1.523080 0.363491 0.213506
0.965278 -1.380214 0.219238
-0.733754 1.482318 0.813985
0.979457 -0.732432 0.703908
1.076467 -0.606254 0.787816
-0.620186 -1.626803 0.844564
1.265120 1.945817 0.044390
0.846917 0.760636 0.678316
-1.140120 0.514458 0.162900
1.169225 -0.017007 0.982267
-1.668267 0.645977 0.368606
0.309835 1.105782 0.461322
0.831145 -0.341433 0.914767
0.814089 1.550674 0.135565
1.649590 1.973563 0.238701
1.208500 -1.873490 0.035894
0.337054 0.173779 0.743177
-1.253704 1.603301 0.874209
-0.343903 1.725753 0.733660
-1.129132 -1.267437 0.699740
-0.880500 0.250682 0.046376
-0.894240 -1.615381 0.905825
0.196498 1.952677 0.348529
1.145255 1.056378 0.456924
0.467135 0.314480 0.794809
-0.960629 0.798867 0.344943
-1.039544 1.349206 0.760214
-0.095351 1.791601 0.570647
-0.992227 -1.281262 0.713770
1.342275 -1.342638 0.279858
-1.307699 0.550776 0.212883
-1.216128 1.029356 0.521733
-1.275446 -0.469832 0.164182
0.632657 0.380651 0.846343
-0.744078 1.503525 0.827165
1.113214 0.375421 0.908997
-0.245794 -1.781025 0.677257
0.760041 1.950704 0.036493
-1.828349 -0.094705 0.368284
1.007083 0.638786 0.768701
-1.780225 -1.953546 0.668752
-0.562346 -0.819769 0.392055
1.395659 1.342303 0.291809
-1.028168 -1.596568 0.902524
-1.938959 -1.685893 0.542159
-0.939205 -1.246657 0.688053
0.864882 -0.155333 0.974303
1.782699 1.589437 0.366243
1.374835 0.415355 0.830402
-0.029913 -1.369243 0.512870
-0.081120 -0.916698 0.491710
1.006178 1.673086 0.064509
-0.697723 -0.233781 0.084960
1.623791 -0.526072 0.688752
1.671514 0.630873 0.635158
-1.887286 1.891289 0.586783
0.677327 -0.449632 0.832567
-0.928480 0.072987 0.006414
-1.107329 0.043353 0.008231
0.476419 -1.046288 0.475285
0.357460 1.537214 0.301073
-0.292945 -0.777658 0.424017
-0.618119 -0.510246 0.212906
-1.188221 -1.243284 0.678367
1.905109 0.781866 0.524947
-0.612526 -0.176011 0.105366
1.865168 -1.606348 0.414355
-0.502925 -0.832555 0.407655
0.159871 -0.879134 0.523447
0.641373 -0.168615 0.907999
1.751739 0.754087 0.571611
-0.277326 0.429066 0.335146
-1.695545 0.794195 0.426900
-1.497947 -0.802874 0.391918
-1.162453 0.978472 0.483643
0.150839 1.195007 0.464609
0.515686 1.857894 0.146829
-1.582651 1.897567 0.800869
-0.652353 -0.770872 0.349514
-1.345716 -0.747244 0.334475
-1.989006 0.041757 0.491385
1.076745 1.876162 0.012990
0.435409 -1.426180 0.303953
-0.956394 -1.404720 0.796187
-0.305314 1.684979 0.703032
0.426665 -0.553575 0.700372
0.439066 -1.850660 0.190567
1.875492 0.743521 0.538096
0.943534 -1.622455 0.087009
1.940647 1.781082 0.456177
1.356017 0.091486 0.919463
0.976089 -0.128297 0.989535
-0.050620 1.393438 0.523012
-0.230730 1.297027 0.579742
-1.377435 0.423553 0.173771
-1.450216 -1.366441 0.706900
-1.534689 1.626529 0.777967
-1.490279 0.900720 0.444255
-1.799651 -0.446673 0.381789
1.496000 -0.104965 0.850943
-0.761694 -0.077335 0.038053
1.341460 1.677372 0.124234
0.072005 1.216952 0.481139
0.420893 -0.984461 0.507493
1.594497 0.361541 0.750698
-1.203379 0.950514 0.463137
-1.546973 1.772709 0.805937
-1.177784 0.402407 0.112233
1.166147 0.591486 0.789141
-0.300566 1.788713 0.714982
-0.984960 0.249218 0.037954
-1.577729 -0.519650 0.289131
-0.124253 -1.068008 0.510339
-1.618930 0.076096 0.220274
0.485319 1.877070 0.161111
1.971131 1.723625 0.479437
-0.200265 1.312592 0.572948
1.400997 1.871740 0.104125
0.529544 -0.178109 0.855204
-1.112721 0.124041 0.017130
-1.816569 -0.316101 0.375076
-0.925446 -1.363542 0.768407
-0.543392 -0.103230 0.128131
1.038864 -1.377244 0.221271
-1.511743 -1.261702 0.638650
-1.588532 -0.496704 0.285968
0.987516 -1.166260 0.370923
0.983646 -1.136737 0.393466
-0.234268 1.364717 0.597501
0.939359 -1.748949 0.040469
1.241787 0.910490 0.565076
1.974677 -0.958478 0.501296
0.223082 1.375674 0.404488
-1.086739 -1.247375 0.687679
-0.802435 -0.199460 0.047062
0.876666 -0.619004 0.776419
1.484439 1.951220 0.138973
0.017454 -1.058953 0.498733
-0.152009 -0.943682 0.489552
-0.436197 0.336247 0.226712
-0.205383 -0.024729 0.341595
1.839544 -1.217867 0.458155
0.809010 0.823190 0.630965
-0.354604 -1.425258 0.663726
0.187907 -1.415245 0.411715
-1.174206 -0.570307 0.199192
1.495245 -1.199530 0.390183
0.471215 -0.281673 0.804739
-1.823856 1.384476 0.577564
0.470952 -0.626291 0.686691
-0.814984 -0.652382 0.251236
0.754704 -1.330545 0.270089
-0.701162 -1.227842 0.656205
-0.389498 1.146829 0.565649
-0.171524 1.174305 0.535986
-0.516923 1.623093 0.801073
-0.850424 -0.677380 0.263989
-1.594774 1.958586 0.796574
-1.854190 0.050621 0.386838
-1.466672 0.333716 0.178323
0.635376 -0.640878 0.724668
1.763410 0.130621 0.677761
0.159592 0.234624 0.615706
1.848948 0.335736 0.601558
-0.380900 0.319900 0.253188
1.709445 0.804116 0.566739
1.667518 0.464149 0.686014
1.473571 -1.033644 0.480565
1.236307 -0.915927 0.561355
-1.886815 -0.935217 0.491017
-1.741622 -0.403738 0.340981
-1.312124 -0.592047 0.236290
0.918882 -0.906898 0.572271
-0.633461 1.064692 0.542544
1.143723 -0.100132 0.981297
-0.601592 -0.220901 0.118910