1.150331 0.319802 -0.877246 0.204949
1.865067 -0.922833 1.995582 0.696623
-0.690566 -1.600580 -0.742810 0.283923
1.202816 -1.034539 -1.831772 0.442843
0.296619 -0.087764 0.813500 0.048924
-0.827028 -0.998322 1.896908 0.363177
0.518718 0.439606 0.807655 0.083545
-1.595323 -1.826663 0.057462 0.550520
1.774977 -1.772368 -0.828189 0.644733
0.475762 1.106288 -0.340542 0.126952
1.000202 0.256619 1.979260 0.346505
-1.877044 0.121686 -0.943573 0.459038
-1.881463 1.431121 -0.544153 0.583080
-0.624273 0.633937 0.421309 0.086121
-0.456045 -1.069444 -1.666455 0.272191
-1.642545 0.103527 -0.664776 0.337623
-1.745637 -1.377754 1.774829 0.679353
1.062018 -0.973077 1.948166 0.421940
-0.880520 -1.198100 -1.824202 0.391861
0.291292 1.277662 1.282086 0.230193
1.950749 0.277864 -0.461294 0.457303
1.930009 0.400819 1.660392 0.601211
-1.013563 0.519356 1.091513 0.208019
0.442284 1.895083 -0.274551 0.303177
-1.136408 -0.560961 0.656005 0.198044
-0.802862 -0.203506 -1.240467 0.166336
0.532361 0.050857 -0.618222 0.054950
0.307190 -0.887125 0.408701 0.081063
0.255356 0.232355 1.210601 0.096228
0.431155 -1.476353 0.488263 0.202866
-0.286759 -1.525603 -1.233874 0.276357
1.251947 -1.595594 1.166945 0.455254
0.912339 -0.609158 -0.313698 0.130263
0.003851 1.833126 -0.418615 0.268600
1.729301 -1.303281 1.020423 0.535786
0.385306 -0.106144 -1.183083 0.098748
1.144839 -1.573783 0.867774 0.385196
-1.473383 0.733408 1.980650 0.518185
0.935318 -1.011236 0.213005 0.182220
0.145919 1.419919 0.736652 0.188854
-1.365818 -0.866840 1.211049 0.357660
-0.599692 -1.614893 1.615455 0.392661
-1.432747 1.297446 -0.993703 0.423315
0.253555 -0.698703 -1.160577 0.122679
1.834939 -0.969402 -0.463858 0.473201
0.855363 1.415904 1.429998 0.356610
1.672280 0.560743 1.856216 0.545644
0.540054 1.087360 0.589624 0.144660
0.520704 0.022677 1.578388 0.175053
-1.266291 -1.831404 0.998307 0.500518
1.470361 -1.197222 -1.868533 0.561142
0.681410 0.203086 -1.483426 0.183703
0.296865 0.770339 1.814019 0.245663
1.303162 -0.976106 -0.884683 0.314394
-1.857415 -1.141167 0.145915 0.499478
-0.321273 1.714196 -0.438181 0.249023
-0.891274 1.386476 -1.877438 0.442881
-1.035058 -0.073470 1.209921 0.208488
1.554565 -1.552765 -0.767401 0.498290
1.132953 -0.819056 -0.598805 0.220396
0.131259 -1.348695 0.203973 0.144310
0.262726 1.332715 -1.592941 0.290982
0.779299 -0.370420 1.177398 0.160606
0.593319 -1.067259 -1.798708 0.314892
1.708635 -0.924674 -0.939875 0.453592
-0.145450 0.754053 -1.225679 0.132850
1.416369 1.862779 -1.839203 0.693546
1.538931 -1.172279 0.087328 0.379417
0.748852 -1.617714 0.534562 0.282499
1.981450 1.515239 1.715506 0.799414
-0.617355 -0.353502 -1.633189 0.207472
1.586618 1.909224 1.699526 0.737497
1.993677 0.688523 -0.670895 0.521059
1.171075 -0.718158 0.261847 0.201869
1.372367 -1.009522 1.337173 0.398865
-1.567508 0.845028 0.091226 0.338918
-0.793187 0.261397 -0.045995 0.077972
-0.632389 -0.199673 0.781726 0.084467
1.454938 -1.450821 1.164012 0.484334
-0.010499 -1.469370 0.679250 0.192712
-0.294993 -0.086725 -1.674252 0.172338
0.071817 -0.500107 -1.765028 0.199564
-0.228657 -0.506429 0.923495 0.074964
1.100449 -1.335354 -1.794663 0.462713
-0.637705 -1.962987 -0.804185 0.380643
-1.300532 -1.530495 -1.959157 0.596786
0.790695 -0.323682 0.302240 0.085468
-1.255300 1.043929 -1.897433 0.473357
1.526426 0.498867 -1.348254 0.392860
0.690438 -1.511632 -0.817624 0.269344
-0.630312 0.193374 1.095651 0.117975
-0.304563 -1.734808 -1.404455 0.356005
-0.069591 0.036535 0.089115 0.001120
-1.146096 -0.863016 0.753761 0.241632
-0.940759 0.499279 0.790774 0.157370
0.255056 1.198748 1.260278 0.209677
0.295899 -0.010557 -1.063404 0.075351
-1.401861 0.734143 1.980525 0.494511
-1.299294 0.260569 0.479392 0.213270
-0.647548 -1.048993 0.967760 0.187060
0.534828 0.320696 -0.838866 0.081514
-0.369520 -1.983868 -0.573674 0.337491
0.226024 -0.053459 1.462861 0.129574
-1.684861 0.800445 -1.400155 0.489936
1.068900 1.859686 1.099124 0.467562
-0.140326 0.114742 0.297871 0.008404
-0.880048 -1.589359 -1.712686 0.452904
0.056549 -0.991220 1.021457 0.136142
0.037074 -0.290514 -0.717974 0.036390
-1.483534 1.061938 0.233033 0.343827
1.484226 -0.403234 -1.446271 0.387366
-1.354640 1.227246 -1.430139 0.445591
0.071686 -0.546730 0.516402 0.038971
-0.465453 -0.231590 -0.683154 0.056048
0.134391 -1.162690 -0.823468 0.145193
-0.766485 0.696984 1.291274 0.201352
1.531387 1.816936 1.701915 0.691643
1.818701 -0.126515 -1.289305 0.478788
0.840157 1.910559 0.420181 0.372419
-1.877817 -1.572975 -0.517881 0.612669
0.355217 1.911251 1.078885 0.362703
0.908945 -1.443389 0.306131 0.260995
1.478806 0.628297 1.759401 0.461283
-0.004792 -1.837156 -0.472189 0.272492
1.312054 0.297235 0.365121 0.213120
-1.511414 1.530750 -0.937895 0.494576
1.779861 1.062137 -1.120959 0.524800
1.481776 0.880838 0.752526 0.345699
-1.807529 -0.279005 0.663084 0.408334
0.612652 -0.156821 1.090109 0.113758
-1.905229 -1.801605 1.001359 0.726359
1.173656 1.107341 1.557970 0.393297
-0.520213 0.586147 0.186267 0.059656
-0.760812 -1.418645 0.349111 0.228632
0.766998 1.893410 -1.353654 0.449363
-0.867881 -1.618004 -1.822903 0.480000
0.194223 -1.838143 1.239234 0.352856
1.073264 1.643633 0.120072 0.341553
-0.174210 1.836104 1.841067 0.458380
-1.511126 0.448756 -0.315755 0.284724
1.578983 0.543526 -0.117359 0.311195
0.580342 -0.282818 -1.010019 0.103868
0.138313 1.196969 1.576128 0.255736
-1.675420 -1.563844 -1.842516 0.707870
0.673691 1.203154 -1.949107 0.382895
1.320037 -1.664727 -1.567111 0.555918
1.497133 0.529496 -1.405254 0.394118
0.736367 -0.397240 -1.761621 0.253741
-1.143561 1.428550 -1.925517 0.521774
-1.302494 1.917424 0.523239 0.494353
0.381751 1.496407 -0.933235 0.239310
-1.735609 0.076750 0.783947 0.383487
-0.745627 -1.784938 -0.019084 0.309247
-1.169499 -1.460358 0.417072 0.331900
-1.012015 1.213333 -0.379773 0.239739
-0.961122 0.533369 -0.044500 0.128585
-0.528233 0.030503 -1.515004 0.164685
0.066513 -1.233130 0.087757 0.117925
0.304892 -0.376691 -0.483693 0.035139
0.379375 0.320814 -0.566269 0.043023
-1.097386 -1.297435 -1.069862 0.334475
-0.030622 -1.033043 1.006888 0.140689
-1.246674 0.221329 1.221950 0.269243
0.734242 1.051831 1.761592 0.326340
-0.848686 -1.960185 0.974924 0.433506
0.771540 -0.921307 -0.491706 0.147927
-1.272960 0.550461 1.538797 0.346890
-0.787963 -1.383026 -1.694333 0.384397
1.299793 0.921866 -0.071024 0.260601
-1.183900 -0.698759 -1.750210 0.376009
0.249831 0.203855 -1.047645 0.073719
1.179970 -1.826767 -0.080688 0.417727
0.186857 -1.073441 -1.859358 0.292120
-0.591193 1.660801 1.192472 0.334540
-0.829601 -1.187886 1.232288 0.275564
-1.854676 1.583655 -1.689019 0.754407
-0.346383 -1.689305 0.861442 0.276176
-0.807586 -0.477268 1.478416 0.218874
-0.501919 -1.177475 0.400283 0.144962
1.427056 -0.361375 1.701524 0.412055
1.676846 1.888456 -0.094621 0.599285
-1.370798 1.068426 0.078613 0.304985
0.548514 -0.744717 1.005172 0.135668
0.689155 0.664091 0.665972 0.114312
-0.118373 1.834490 1.478087 0.386533
-0.886085 1.979813 1.061742 0.457142
-0.575104 -0.366569 1.372437 0.157167
-1.713662 0.825845 -1.104832 0.461728
1.764754 -1.676075 -0.282307 0.580041
0.165037 1.750982 1.356318 0.345115
-0.133439 1.427828 1.244775 0.248269
1.771940 -1.942970 0.313201 0.658335
-0.149448 0.605544 1.568484 0.172715
-1.144276 -0.705301 0.232574 0.192467
1.521696 1.176326 0.067064 0.373881
0.999783 -1.709759 0.046878 0.340329
0.061525 -0.284863 1.680308 0.169569
-0.566039 0.001475 0.506153 0.051750
0.329130 -0.233771 0.830079 0.056455
-1.953177 1.931266 0.581060 0.746566